n	w_1      	q        	time     	gamma_1  	checksum 	prop     
3	1	4	0.0000613	0.6666667	?	567.1851852
4	1	6	0.0000715	0.5000000	?	186.2734375
5	1	8	0.0001396	0.4871795	?	139.6330000
6	1	11	0.0002682	0.4066667	?	112.8926768
7	1	15	0.0006091	0.3388889	?	118.3939747
8	1	19	0.0009131	0.3138258	?	93.8666735
9	1	23	0.0014991	0.2906250	?	89.4054989
10	1	28	0.0024327	0.2676471	?	86.8836429
11	1	34	0.0031024	0.2468193	?	68.5546913
12	1	40	0.0010516	0.2315965	?	15.2144965
13	1	46	0.0014835	0.2183749	?	14.6787319
14	1	53	0.0018236	0.2063928	?	12.5392280
15	1	61	0.0038196	0.1954728	?	18.5528355
16	1	69	0.0052323	0.1860985	?	18.5131482
17	1	77	0.0068847	0.1780318	?	18.1988734
18	1	86	0.0086824	0.1704405	?	17.3110365
19	1	96	0.0109618	0.1634166	?	16.6475267
20	1	106	0.0135737	0.1571786	?	16.0067700
21	1	116	0.0154422	0.1516039	?	14.3745574
22	1	127	0.0079473	0.1463377	?	5.8769027
23	1	139	0.0064490	0.1413591	?	3.8132459
24	1	151	0.0107282	0.1368602	?	5.1394384
25	1	163	0.0122554	0.1327678	?	4.8119374
26	1	176	0.0115747	0.1288584	?	3.7417818
27	1	190	0.0494660	0.1251259	?	13.2270185
28	1	204	0.0187782	0.1217056	?	4.1932456
29	1	218	0.0329573	0.1185578	?	6.1987074
30	1	233	0.0242369	0.1155267	?	3.8526255
31	1	249	0.0313426	0.1126100	?	4.2252288
32	1	265	0.0169257	0.1099107	?	1.9491756
33	1	281	0.0305306	0.1074040	?	3.0233460
34	1	298	0.0275318	0.1049760	?	2.3506121
35	1	316	0.0411211	0.1026258	?	3.0351035
36	1	334	0.0453599	0.1004340	?	2.9108415
37	1	352	0.0380537	0.0983842	?	2.1342702
38	1	371	0.0523241	0.0963897	?	2.5702609
39	1	391	0.0411108	0.0944504	?	1.7724976
40	1	411	0.0647192	0.0926305	?	2.4604302
41	1	431	0.0525098	0.0909188	?	1.7677117
42	1	452	0.0594009	0.0892474	?	1.7738087
43	1	474	0.0762433	0.0876163	?	2.0231026
44	1	496	0.1031549	0.0860779	?	2.4414626
45	1	518	0.0988426	0.0846241	?	2.0940009
46	1	541	0.1308658	0.0832004	?	2.4851668
47	1	565	0.1031351	0.0818071	?	1.7581845
48	1	589	0.1529934	0.0804873	?	2.3487327
49	1	613	0.1447797	0.0792351	?	2.0075161
50	1	638	0.1843546	0.0780059	?	2.3116562
51	1	664	0.1580556	0.0768002	?	1.7944492
52	1	690	0.1658747	0.0756539	?	1.7097039
53	1	716	0.1761113	0.0745625	?	1.6521387
54	1	743	0.1923377	0.0734891	?	1.6439713
55	1	771	0.2120857	0.0724342	?	1.6533659
56	1	799	0.2310059	0.0714280	?	1.6463119
57	1	827	0.2547017	0.0704672	?	1.6630364
58	1	856	0.2739079	0.0695208	?	1.6400115
59	1	886	0.3067454	0.0685890	?	1.6857311
60	1	916	0.3516298	0.0676979	?	1.7772004
61	1	946	0.3592704	0.0668447	?	1.6731728
62	1	977	0.3856653	0.0660031	?	1.6563074
63	1	1009	0.4169748	0.0651734	?	1.6527112
64	1	1041	0.4520117	0.0643780	?	1.6563765
65	1	1073	0.4849082	0.0636147	?	1.6455827
66	1	1106	0.5209633	0.0628608	?	1.6384009
67	1	1140	0.5615837	0.0621167	?	1.6378918
68	1	1174	0.6089780	0.0614017	?	1.6497068
69	1	1208	0.6541222	0.0607142	?	1.6483320
70	1	1243	0.6979352	0.0600345	?	1.6370044
71	1	1279	0.7525288	0.0593629	?	1.6439081
72	1	1315	0.8044618	0.0587164	?	1.6390122
73	1	1351	0.8603939	0.0580936	?	1.6370932
74	1	1388	0.9247045	0.0574772	?	1.6440625
75	1	1426	0.9880627	0.0568677	?	1.6424085
76	1	1464	1.0581290	0.0562799	?	1.6464811
77	1	1502	1.1282984	0.0557126	?	1.6454393
78	1	1541	1.1999475	0.0551509	?	1.6408761
79	1	1581	1.2772820	0.0545949	?	1.6386026
80	1	1621	1.3668936	0.0540578	?	1.6469550
81	1	1661	1.4521746	0.0535388	?	1.6451070
82	1	1702	1.5447272	0.0530244	?	1.6460790
83	1	1744	1.6531543	0.0525150	?	1.6578019
84	1	1786	1.7402498	0.0520222	?	1.6439639
85	1	1828	1.8404967	0.0515452	?	1.6394648
86	1	1871	1.9612101	0.0510722	?	1.6479915
87	1	1915	2.0878435	0.0506035	?	1.6556610
88	1	1959	2.2067793	0.0501495	?	1.6530137
89	1	2003	2.3329558	0.0497095	?	1.6521731
90	1	2048	2.4710103	0.0492730	?	1.6550727
91	1	2094	2.6235045	0.0488401	?	1.6625739
92	1	2140	2.7750300	0.0484203	?	1.6652921
93	1	2186	2.9338506	0.0480130	?	1.6685491
94	1	2233	3.0873995	0.0476087	?	1.6646408
95	1	2281	3.2718895	0.0472075	?	1.6730254
96	1	2329	3.4880908	0.0468181	?	1.6927959
97	1	2377	3.6655406	0.0464398	?	1.6896379
98	1	2426	3.8665622	0.0460642	?	1.6933860
99	1	2476	4.0547687	0.0456913	?	1.6877568
100	1	2526	4.3132184	0.0453290	?	1.7075290
101	1	2576	4.5024540	0.0449766	?	1.6964431
102	1	2627	4.7311154	0.0446266	?	1.6970825
103	1	2679	4.9768334	0.0442790	?	1.7000775
104	1	2731	5.2391978	0.0439409	?	1.7054660
105	1	2783	5.5067378	0.0436118	?	1.7092803
106	1	2836	5.7854393	0.0432848	?	1.7128231
107	1	2890	6.0874630	0.0429598	?	1.7194405
108	1	2944	6.3706530	0.0426435	?	1.7178090
109	1	2998	6.6918172	0.0423354	?	1.7235859
110	1	3053	7.0166126	0.0420291	?	1.7267229
111	1	3109	7.3788552	0.0417246	?	1.7353990
112	1	3165	7.6913248	0.0414280	?	1.7297103
113	1	3221	8.0289661	0.0411388	?	1.7275617
114	1	3278	8.4770575	0.0408512	?	1.7455071
115	1	3336	8.7994502	0.0405653	?	1.7343469
116	1	3394	9.2720193	0.0402865	?	1.7502034
117	1	3452	9.7290925	0.0400145	?	1.7597216
118	1	3511	10.0943644	0.0397439	?	1.7498553
119	1	3571	10.6568148	0.0394748	?	1.7709108
120	1	3631	11.0277319	0.0392122	?	1.7575845
121	1	3691	11.5201924	0.0389558	?	1.7618121
122	1	3752	12.1748036	0.0387008	?	1.7869798
123	1	3814	12.5127143	0.0384470	?	1.7630130
124	1	3876	13.1280306	0.0381992	?	1.7764409
125	1	3938	13.5160753	0.0379571	?	1.7572957
126	1	4001	14.1537844	0.0377162	?	1.7684484
127	1	4065	14.9290647	0.0374765	?	1.7929199
128	1	4129	15.3519212	0.0372422	?	1.7729151
129	1	4193	15.8934422	0.0370132	?	1.7657287
130	1	4258	16.5290179	0.0367852	?	1.7668974
131	1	4324	17.0887616	0.0365584	?	1.7579682
132	1	4390	17.8141072	0.0363365	?	1.7643216
133	1	4456	18.3286157	0.0361195	?	1.7483548
134	1	4523	19.0714813	0.0359035	?	1.7524412
135	1	4591	19.8133888	0.0356884	?	1.7540831
136	1	4659	20.4302103	0.0354780	?	1.7432650
137	1	4727	21.2177894	0.0352720	?	1.7456325
138	1	4796	21.9178514	0.0350670	?	1.7389278
139	1	4866	22.7854526	0.0348628	?	1.7435771
140	1	4936	23.5904482	0.0346629	?	1.7417144
141	1	5006	24.3633628	0.0344671	?	1.7361572
142	1	5077	25.2137990	0.0342722	?	1.7344672
143	1	5149	26.1142761	0.0340780	?	1.7343909
144	1	5221	26.9972043	0.0338879	?	1.7317198
145	1	5293	27.7544373	0.0337016	?	1.7199924
146	1	5366	28.7371501	0.0335160	?	1.7208161
147	1	5440	29.7052950	0.0333312	?	1.7190281
148	1	5514	30.8947712	0.0331500	?	1.7283555
149	1	5588	31.7535295	0.0329725	?	1.7178166
150	1	5663	32.8697585	0.0327956	?	1.7197930
151	1	5739	33.9469990	0.0326193	?	1.7180442
152	1	5815	35.1638094	0.0324466	?	1.7219298
153	1	5891	36.4900054	0.0322771	?	1.7294604
154	1	5968	37.6002682	0.0321083	?	1.7250432
155	1	6046	38.6764902	0.0319401	?	1.7178444
156	1	6124	39.9702345	0.0317751	?	1.7192052
157	1	6202	41.3621308	0.0316133	?	1.7233448
158	1	6281	42.6303016	0.0314519	?	1.7207523
159	1	6361	43.9083567	0.0312912	?	1.7172377
160	1	6441	45.3850596	0.0311334	?	1.7202821
161	1	6521	46.7189023	0.0309786	?	1.7167253
162	1	6602	48.2866660	0.0308243	?	1.7203098
163	1	6684	49.8295791	0.0306705	?	1.7214244
164	1	6766	51.3635378	0.0305196	?	1.7210417
165	1	6848	52.9860922	0.0303713	?	1.7224487
166	1	6931	54.7291286	0.0302235	?	1.7262288
167	1	7015	56.3941107	0.0300763	?	1.7260631
168	1	7099	58.2525844	0.0299316	?	1.7305740
169	1	7183	59.7174481	0.0297895	?	1.7224049
170	1	7268	61.4319726	0.0296479	?	1.7204132
171	1	7354	63.1886912	0.0295067	?	1.7184124
172	1	7440	65.1246345	0.0293680	?	1.7202320
173	1	7526	67.0414559	0.0292317	?	1.7204455
174	1	7613	69.3203564	0.0290957	?	1.7284516
175	1	7701	71.3999867	0.0289602	?	1.7299632
176	1	7789	73.2685532	0.0288271	?	1.7254322
177	1	7877	75.3719318	0.0286962	?	1.7255558
178	1	7966	77.3614357	0.0285657	?	1.7219646
179	1	8056	79.4344366	0.0284355	?	1.7192153
180	1	8146	81.7979736	0.0283076	?	1.7217918
181	1	8236	84.7022315	0.0281817	?	1.7343741
182	1	8327	86.3910418	0.0280563	?	1.7209410
183	1	8419	88.7258025	0.0279312	?	1.7196345
184	1	8511	91.4141760	0.0278081	?	1.7241676
185	1	8603	94.1372251	0.0276871	?	1.7282091
186	1	8696	96.7652412	0.0275664	?	1.7292629
187	1	8790	99.0493808	0.0274460	?	1.7232095
188	1	8884	101.5276573	0.0273276	?	1.7198963
189	1	8978	104.3045714	0.0272111	?	1.7208314
190	1	9073	107.0242521	0.0270948	?	1.7197705
191	1	9169	110.3540716	0.0269789	?	1.7272941
192	1	9265	112.7315450	0.0268649	?	1.7190810
193	1	9361	116.0839775	0.0267526	?	1.7249563
194	1	9458	118.4811533	0.0266406	?	1.7157135
195	1	9556	121.6377216	0.0265289	?	1.7166759
196	1	9654	125.0245382	0.0264189	?	1.7199656
197	1	9752	128.1768684	0.0263107	?	1.7191639
198	1	9851	131.9105368	0.0262027	?	1.7250576
199	1	9951	134.6243057	0.0260950	?	1.7167123
200	1	10051	138.8546047	0.0259889	?	1.7268755
